LT_description
0.05
-1.23457e+006
0.27
114
103
100
109
85
100
105
85
95
101
120
111
143
278
809
1938
4768
9952
17295
26441
34655
40214
41835
40772
37053
32598
28506
25547
22675
20614
18871
17042
16047
15317
14142
13464
12586
12193
11773
11061
10657
10275
9692
9458
9145
8628
8424
8076
7764
7627
7427
7313
7036
6829
6636
6300
6023
5923
5974
5684
5510
5202
5284
5116
4990
4921
4641
4655
4400
4270
4264
4270
4086
4075
3808
3733
3737
3674
3330
3298
3355
3361
3178
3094
3056
2904
2896
2859
2822
2657
2591
2509
2507
2439
2422
2374
2259
2245
2081
2127
2103
2025
1941
1939
1894
1878
1865
1736
1680
1713
1639
1587
1502
1494
1469
1522
1435
1345
1325
1315
1286
1255
1202
1242
1166
1163
1140
1050
1093
1032
1038
1013
1001
968
886
921
883
899
888
817
855
808
820
744
780
720
746
692
658
660
698
656
695
606
605
605
594
536
531
565
535
573
500
511
525
516
515
463
467
471
449
407
419
396
391
410
365
387
392
370
382
379
397
334
314
357
319
299
343
333
318
322
308
307
294
274
268
275
289
292
232
251
264
260
240
288
234
227
216
263
246
233
225
229
235
207
211
208
192
186
191
217
200
202
183
205
215
229
193
195
171
186
154
189
171
161
173
195
177
154
166
165
160
178
156
156
155
148
155
162
141
149
145
150
137
139
151
128
150
135
145
156
115
108
135
153
144
148
123
124
134
132
129
139
116
140
145
108
132
128
107
113
124
133
104
137
110
131
123
118
125
105
111
126
121
98
122
112
113
117
108
108
109
109
124
105
115
127
136
120
103
121
115
110
124
120
107
111
120
117
110
124
120
117
107
114
90
106
123
101
90
117
102
111
87
115
104
102
100
110
101
61
98
111
100
102
92
111
86
106
110
119
102
87
103
90
87
90
108
109
97
102
110
93
87
114
108
88
89
91
104
107
98
88
105
97
94
121
110
87
117
89
102
114
111
100
97
93
106
97
94
121
90
89
92
107
111
104
96
87
93
106
105
95
97
101
109
93
107
97
109
96
113
102
117
93
103
96
92
81
95
97
99
101
98
112
90
95
101
108
112
95
81
102
106
95
104
81
109
112
113
103
98
104
84
98
103
124
93
123
99
109
111
89
87
111
121
93
98
110
93
101
110
113
84
105
105
107
89
86
86
93
96
121
75
83
99
100
97
98
100
86
91
97
96
91
92
89
98
85
102
112
102
105
98
95
90
101
101
98
82
84
109
123
102
110
108
100
101
83
106
103
84
91
104
81
107
97
96
91
91
95
105
104
89
90
101
104
86
98
93
86
101
118
95
76
100
88
122
119
113
108
102
109
99
101
96
111
113
90
94
98
103
80
113
94
111
97
116
104
100
121
82
99
108
99
100
107
98
98
108
107
92
96
108
108
95
87
84
77
116
104
111
96
102
95
111
93
97
95
105
94
105
110
102
112
107
114
103
116
99
90
107
92
88
108
101
101
92
108
89
87
106
107
98
108
111
114
104
111
103
83
122
103
103
104
105
122
108
91
84
105
100
98
94
95
97
112
105
106
106
110
95
94
92
102
94
97
97
104
122
93
112
128
92
106
92
93
100
106
108
90
96
113
95
101
97
105
91
97
104
114
84
113
97
102
108
106
101
107
95
87
99
103
82
106
109
98
86
112
98
92
91
108
98
94
112
84
104
106
116
106
97
121
115
109
108
92
81
119
90
124
81
109
90
92
105
99
85
112
102
118
101
117
93
113
100
113
105
105
94
92
98
95
108
114
96
98
82
109
108
107
106
104
97
96
89
89
101
90
99
88
103
102
78
116
91
112
100
99
93
106
112
99
94
110
99
96
115
95
88
97
81
106
96
97
94
84
93
90
95
93
97
89
99
76
100
94
90
78
101
97
100
90
70
89
105
107
122
93
104
82
122
88
92
96
92
109
104
108
85
98
99
101
91
105
97
95
98
97
83
99
100
102
94
87
90
101
105
112
104
102
109
120
86
87
80
104
110
94
92
114
95
106
92
101
86
100
81
93
96
109
103
120
99
102
91
113
98
90
92
105
103
87
121
105
97
94
113
100
92
112
104
81
90
113
107
91
107
84
96
93
112
80
112
94
108
97
110
74
109
92
134
101
103
111
101
100
101
85
116
84
115
106
94
102
111
84
89
93
109
111
93
77
112
103
99
105
95
117
92
98
123
96
102
101
90
111
81
94
79
90
130
100
102
86
112
100
89
110
100
96
84
95
117
106
109
110
102
110
93
93
98
111
90
106
100
110
98
97
97
94
101
94
94
86
80
105
104
102
86
98
115
89
110
99
111
102
107
102
87
88
111
105
105
80
110
104
100
109
110
78
89
96
109
103
105
113
102
94
91
105
92
91
106
94
88
115
111
92
91
113
92
79
88
107
105
104
103
92
108
100
107
99
