LT_description
0.05
-1.23457e+006
0.27
80
115
83
97
110
111
102
109
109
97
122
124
144
293
708
1983
4810
9868
17338
26253
34789
40206
42246
40803
36832
32770
28526
25620
22645
20507
18884
17541
16062
15322
14501
13561
12950
12297
11685
11283
10889
10048
9891
9218
9330
8905
8622
8228
7969
7774
7464
7284
6992
6729
6511
6435
6187
5968
5985
5640
5424
5323
5233
5019
4986
4871
4787
4682
4644
4330
4280
4124
4108
3982
3822
3822
3768
3539
3520
3300
3381
3187
3204
3128
3047
2899
2903
2832
2818
2678
2685
2533
2502
2356
2332
2268
2240
2127
2167
2133
2070
1864
1952
1907
1840
1791
1777
1732
1679
1693
1652
1556
1593
1518
1435
1522
1372
1338
1388
1345
1287
1266
1241
1146
1209
1108
1066
1081
1019
1091
1000
1019
923
952
909
939
904
833
877
869
803
811
807
780
776
729
704
678
649
695
683
638
637
613
642
570
554
599
597
516
554
495
485
518
519
475
486
464
487
451
466
468
422
449
439
388
405
381
392
407
403
349
356
331
327
336
311
317
299
309
307
276
294
304
298
290
273
262
274
246
228
255
241
271
263
247
227
231
224
238
194
210
238
245
198
201
200
209
220
194
176
195
190
168
190
178
183
196
184
202
163
168
177
170
156
148
167
169
172
165
182
195
158
147
159
185
165
137
139
132
143
142
141
132
134
147
125
148
113
135
137
142
149
135
123
140
144
128
138
143
130
141
128
132
125
123
114
112
132
113
117
129
118
113
97
100
113
114
133
111
111
110
119
116
113
111
112
115
100
101
83
127
99
125
94
110
112
120
112
102
97
101
134
115
99
114
110
104
103
99
118
131
113
116
119
104
111
110
81
109
117
99
117
96
97
105
100
110
109
108
94
85
118
117
117
106
120
98
120
95
107
107
91
101
121
113
110
114
106
107
104
107
104
111
102
98
113
99
96
89
110
111
92
96
95
104
111
104
89
102
86
81
102
103
79
98
118
105
105
116
81
108
80
115
100
104
107
99
93
92
95
97
84
93
113
105
93
100
110
109
126
98
119
105
112
87
101
113
94
112
118
109
110
106
90
101
96
103
92
119
103
97
104
112
97
100
105
91
98
98
94
95
97
87
139
91
103
101
109
116
105
83
113
120
110
96
94
101
93
91
98
97
101
107
102
103
91
107
121
99
93
101
106
102
108
105
98
107
107
84
111
109
87
113
103
100
103
96
101
107
110
98
121
96
98
88
86
99
108
87
105
95
98
87
87
91
92
93
105
105
110
95
98
92
103
92
100
109
106
112
101
105
123
101
98
104
118
114
88
111
91
106
96
95
88
99
79
92
118
116
92
88
94
87
105
94
98
94
99
105
120
104
94
87
90
95
130
114
99
108
97
92
115
92
107
91
92
103
88
105
94
112
92
108
94
100
103
107
112
81
94
90
102
93
95
96
91
105
86
92
87
109
102
77
99
97
102
91
98
104
94
93
103
110
82
102
92
113
101
102
97
115
88
107
92
92
106
95
105
103
111
109
111
90
82
112
93
96
101
67
100
106
102
107
106
111
98
100
112
87
94
95
116
106
98
86
112
92
103
97
108
114
100
98
102
106
98
104
96
114
90
93
105
102
103
101
89
102
109
101
103
112
99
103
105
115
94
92
95
97
86
104
110
81
111
99
90
106
106
103
116
121
114
81
106
99
91
116
113
103
115
103
113
97
111
99
94
115
102
98
86
97
86
96
101
90
124
98
96
99
91
106
94
104
99
94
91
96
110
107
89
92
113
87
101
98
103
80
95
107
85
118
116
105
108
94
106
84
96
96
92
100
82
96
105
105
105
116
101
93
105
97
94
97
108
73
92
109
112
97
103
101
94
107
110
92
107
93
105
99
98
116
104
87
94
87
97
105
100
95
107
99
91
94
105
99
107
105
108
111
88
97
101
81
106
103
118
105
98
87
100
93
100
95
95
103
108
119
101
104
98
104
109
99
110
99
98
101
96
96
99
101
96
106
99
105
89
96
99
93
102
97
100
99
112
111
98
96
97
110
85
97
113
95
95
99
113
110
90
98
102
117
113
96
122
104
97
99
93
114
104
106
83
103
103
103
81
81
101
89
91
102
89
86
91
80
102
100
86
94
99
98
115
100
83
98
106
77
99
104
92
101
104
101
105
95
110
105
106
113
81
106
86
95
99
115
108
92
95
101
110
91
103
94
96
91
94
89
101
100
102
89
105
93
109
108
96
108
96
84
98
111
94
102
118
119
109
91
107
97
95
111
98
94
97
118
107
96
107
89
108
106
92
102
98
83
102
92
110
105
98
99
117
96
84
98
99
98
101
87
104
106
84
94
93
103
99
114
109
97
100
78
110
105
85
90
100
89
93
106
111
112
114
105
111
113
112
98
114
95
121
92
86
96
93
108
90
99
100
104
111
92
105
94
