LT_description
0.05
-1.23457e+006
0.27
122
109
108
96
111
98
93
110
110
85
95
84
126
268
723
2044
4743
9805
17553
26348
34724
40589
42436
40446
36918
32811
28829
25395
22853
20676
19020
17431
16084
15398
14219
13518
12833
12285
11595
11087
10582
10190
9536
9536
9132
8643
8608
8111
7866
7626
7498
7329
6945
6728
6697
6357
6213
5879
5879
5858
5535
5456
5160
5060
4969
4793
4838
4549
4555
4447
4294
4146
4203
3918
3932
3755
3664
3564
3410
3470
3261
3312
3138
3152
3001
2951
2886
2795
2603
2622
2615
2518
2405
2455
2402
2281
2250
2138
2183
2087
2105
2013
1929
1966
1819
1795
1788
1729
1686
1633
1655
1511
1615
1463
1448
1427
1376
1367
1300
1273
1362
1320
1252
1171
1133
1129
1074
1088
1101
1100
967
1002
976
938
847
936
924
863
933
789
857
794
803
789
738
754
690
650
673
660
674
630
619
593
614
596
587
580
525
534
540
533
493
490
498
488
456
438
490
429
439
434
437
398
418
399
379
410
372
364
351
373
353
327
328
342
339
308
324
316
286
295
335
306
280
269
285
288
275
233
272
237
236
252
231
262
231
229
257
235
215
242
206
217
229
187
246
192
186
202
197
203
180
195
194
184
175
193
192
164
165
184
166
147
193
175
171
157
144
168
138
136
164
151
155
140
144
134
141
138
160
155
153
136
127
166
146
148
156
135
108
150
127
156
138
143
109
113
104
116
123
110
111
115
106
117
126
134
120
118
127
119
111
117
118
120
112
111
119
103
122
118
109
112
117
120
108
133
130
126
136
99
127
124
119
106
110
103
121
124
118
103
112
116
104
116
102
109
119
112
90
103
95
109
113
117
126
103
96
67
126
111
111
80
101
99
97
106
110
98
122
99
103
104
109
107
111
84
111
97
99
114
109
95
100
92
105
91
93
94
102
119
95
90
102
100
117
113
92
100
83
92
98
108
109
103
104
101
119
102
92
103
105
121
102
108
107
108
108
107
100
105
96
89
111
97
107
100
119
101
107
98
106
85
103
81
101
102
88
93
88
103
102
109
99
88
92
99
103
95
108
104
114
89
107
103
85
95
96
107
91
102
102
119
116
96
90
109
104
98
88
102
115
91
114
108
108
99
85
100
104
92
99
83
95
120
99
82
108
97
86
90
121
98
103
94
80
101
103
89
91
98
99
94
86
100
100
129
105
104
98
82
108
91
107
92
84
103
105
101
112
94
98
88
90
101
100
93
98
114
108
114
111
103
105
100
111
102
85
113
66
114
110
103
106
109
95
99
105
93
96
104
100
91
108
109
101
84
107
91
112
94
91
124
88
106
99
87
90
99
102
98
99
95
88
113
91
97
90
101
106
105
103
90
121
99
107
113
97
102
116
81
100
108
92
101
111
107
117
98
103
104
103
103
117
93
98
106
95
92
110
105
98
101
103
105
104
113
100
105
90
89
95
81
111
114
109
97
105
86
93
115
116
111
115
95
99
115
101
99
90
99
89
102
102
87
86
90
113
82
85
77
127
95
95
110
100
99
95
96
95
95
85
110
92
97
94
87
109
94
86
114
94
110
99
94
101
106
103
90
90
101
111
82
113
95
110
96
104
97
105
89
97
94
100
83
86
109
114
97
93
105
108
96
101
85
112
92
104
91
92
109
93
99
108
95
113
91
110
113
87
103
102
102
107
94
98
106
89
100
106
96
99
94
88
121
103
84
93
113
116
113
81
117
106
100
101
115
103
81
99
96
88
104
99
108
96
81
97
106
125
99
114
103
111
93
115
100
104
87
104
97
85
110
87
99
97
101
88
103
116
114
100
102
84
111
106
88
86
91
106
97
91
98
100
109
108
100
87
87
90
103
89
107
111
101
95
86
105
79
104
91
89
96
86
100
103
108
98
101
95
89
96
109
84
106
92
101
108
105
99
95
106
99
103
96
97
92
82
101
104
110
101
104
103
124
85
96
106
95
96
114
98
102
104
108
97
91
115
93
103
100
102
121
78
89
118
115
104
99
112
102
108
90
96
85
111
108
105
77
106
104
110
101
84
110
69
129
111
96
110
115
97
98
85
93
106
105
116
92
91
86
97
98
103
85
113
100
98
102
105
107
103
113
110
103
109
87
85
98
110
106
105
95
86
102
102
111
108
89
107
98
93
103
114
106
86
108
97
96
95
115
101
89
107
98
79
109
93
101
104
93
84
118
86
105
86
104
114
97
107
99
104
90
106
110
115
108
124
102
95
95
100
106
105
92
87
109
115
117
103
107
103
107
103
88
84
83
110
82
99
106
88
103
111
109
93
108
90
96
90
98
109
96
92
108
88
73
103
119
96
86
103
106
97
102
99
103
94
83
101
99
98
110
109
85
112
107
88
98
106
97
96
94
99
106
82
102
98
90
92
108
102
95
110
94
95
88
102
102
87
93
90
98
