LT_description
0.05
-1.23457e+006
0.27
97
83
93
90
96
98
99
106
107
127
84
113
162
290
748
2040
4800
9800
17553
26399
34852
40607
42535
40531
37089
32440
28772
25028
22572
20679
18908
16976
16124
15253
14190
13584
12765
12222
11615
11219
10670
10223
9817
9455
8930
8751
8517
8164
7900
7678
7410
6976
7060
6777
6595
6334
6232
5889
5871
5569
5536
5388
5219
5121
5129
4841
4661
4617
4303
4371
4281
4231
4199
3982
3954
3797
3665
3638
3454
3514
3284
3262
3071
3086
3058
2842
2818
2802
2753
2637
2645
2642
2498
2389
2407
2247
2271
2150
2165
2122
2045
2014
1920
1951
1874
1796
1791
1751
1723
1746
1630
1564
1507
1467
1485
1414
1368
1392
1386
1357
1312
1226
1189
1169
1134
1107
1109
1100
1132
1065
1036
1008
949
949
946
917
875
850
854
849
836
818
775
762
731
740
724
712
745
671
647
666
660
667
628
586
608
592
589
556
537
532
541
533
481
509
458
492
508
429
449
474
428
433
406
416
433
377
376
384
383
360
346
365
347
345
330
304
334
316
318
342
296
271
286
301
289
280
304
266
262
269
246
253
228
246
238
239
244
219
244
216
229
206
218
213
194
230
187
189
177
196
207
170
206
191
185
184
173
186
195
181
173
198
175
201
149
181
161
172
156
169
180
157
136
165
180
169
135
147
136
151
159
147
131
126
136
137
135
158
147
125
148
139
124
133
119
148
111
121
129
121
140
136
141
107
123
130
127
124
106
133
138
140
110
124
131
120
105
122
123
133
126
124
109
112
103
99
114
132
97
119
118
118
124
100
116
107
93
109
116
109
111
95
102
123
127
111
96
112
115
103
118
104
93
90
108
88
118
78
105
104
117
111
98
95
104
97
94
107
87
118
101
115
114
115
98
110
106
95
107
95
101
91
87
95
105
97
121
96
93
99
109
95
119
106
122
107
107
91
86
105
91
96
88
125
114
114
102
107
103
109
92
121
102
97
99
89
108
121
96
99
93
92
109
114
103
106
92
100
90
95
99
109
83
84
120
95
104
105
102
118
109
101
119
89
98
96
103
94
92
97
82
116
87
81
92
101
103
99
106
107
101
105
100
100
106
81
89
70
100
107
118
106
97
103
109
102
118
104
101
91
103
97
98
106
90
101
98
102
87
97
102
102
88
82
80
101
104
96
98
99
98
117
98
96
97
97
93
88
108
104
105
105
95
112
97
92
117
86
103
107
99
105
110
94
100
99
100
83
111
102
108
94
101
95
111
103
101
93
90
97
103
102
104
117
117
109
85
89
95
75
91
86
105
89
88
107
90
91
88
114
103
96
96
109
121
99
107
91
115
112
95
116
93
100
90
87
92
104
93
110
104
88
108
93
96
106
95
97
115
102
102
107
95
116
97
100
82
104
97
100
122
105
104
91
99
99
115
92
112
92
94
110
93
80
99
103
94
117
90
105
109
91
103
93
128
79
111
93
104
105
87
93
100
102
91
97
114
97
100
98
89
104
115
94
116
108
100
97
95
95
95
98
116
114
92
93
87
110
90
100
88
98
111
94
100
111
102
116
94
107
103
103
109
104
78
90
108
90
99
94
84
107
101
95
96
118
105
104
95
95
100
92
94
102
94
86
86
108
98
93
101
120
108
90
94
100
89
108
106
100
96
97
119
113
111
84
106
87
101
111
105
95
109
113
88
117
110
90
90
102
80
87
104
105
97
106
105
95
104
121
95
116
121
109
92
94
97
91
89
84
118
85
100
99
99
90
88
126
114
90
101
110
88
99
108
99
93
113
88
92
100
101
90
103
99
112
98
101
90
95
113
110
118
88
95
96
89
99
89
111
90
92
117
99
87
89
93
109
87
118
104
107
96
95
107
106
97
110
107
109
100
112
85
94
114
92
109
92
82
107
95
82
95
109
106
90
109
96
96
102
91
113
107
94
88
110
84
109
103
95
112
99
110
123
99
98
110
97
115
110
86
95
101
112
109
93
100
103
92
102
116
118
100
91
98
129
90
92
99
95
88
103
84
109
87
86
104
75
97
98
87
106
110
88
95
111
92
101
93
88
115
87
98
110
85
89
103
103
95
122
118
101
105
99
111
90
94
112
87
108
106
93
97
85
83
105
94
99
96
93
105
101
116
104
101
108
92
96
104
94
101
104
91
102
112
91
101
102
95
85
100
113
92
107
104
105
99
107
104
93
109
111
103
98
86
87
97
106
93
129
107
100
104
99
106
92
100
96
99
98
97
100
95
107
101
109
114
91
112
94
102
80
95
78
93
104
85
111
87
107
86
112
114
104
112
108
126
108
98
97
102
101
104
84
97
106
100
91
111
81
96
109
86
90
109
92
108
107
95
87
101
100
113
108
87
97
106
100
112
106
106
94
106
104
98
89
104
113
99
99
117
91
97
100
90
106
97
106
109
101
108
108
