LT_description
0.05
-1.23457e+006
0.27
90
116
119
110
105
112
112
116
92
91
82
109
147
323
778
1998
4704
9686
17348
26296
34939
40240
42035
40226
36956
32576
28739
25198
22529
20262
18553
17336
15880
15009
13939
13171
13015
12207
11504
11144
10599
10285
9777
9259
9109
8665
8387
8042
7814
7784
7404
7070
6792
6814
6616
6248
6246
6076
5798
5735
5573
5389
5354
5084
4991
4920
4770
4647
4632
4436
4260
4150
4215
4017
3958
3865
3763
3669
3508
3401
3419
3251
3161
3147
3037
2960
2938
2808
2704
2726
2708
2606
2408
2468
2414
2306
2207
2270
2277
2129
2029
1984
2007
1911
1961
1869
1781
1731
1641
1744
1659
1532
1574
1527
1512
1466
1456
1400
1356
1333
1310
1280
1215
1206
1175
1180
1143
1079
1172
1065
1045
1088
1058
961
951
955
869
836
866
861
769
777
809
783
798
716
765
715
714
732
658
675
676
595
616
597
605
586
575
599
545
559
494
499
489
513
477
475
496
442
502
395
426
448
432
401
408
405
344
390
360
366
334
364
329
366
355
320
345
338
280
321
288
313
288
322
282
304
250
252
257
217
251
245
252
260
261
222
233
240
244
274
209
238
231
248
213
216
203
200
192
192
195
192
189
215
212
230
207
190
188
177
179
179
191
192
173
163
146
151
180
160
159
160
152
160
170
169
152
143
146
147
137
145
135
163
156
141
130
138
135
148
118
129
143
129
133
134
143
119
127
138
123
124
128
134
139
130
95
111
117
130
113
129
119
110
119
126
111
127
110
108
113
110
96
108
90
108
112
133
135
115
111
104
110
139
115
100
129
113
111
113
112
107
124
106
98
115
110
109
109
102
130
134
111
100
114
107
100
119
104
135
99
101
117
102
107
109
103
105
111
96
101
101
102
104
108
107
112
110
107
103
114
132
115
105
105
99
102
94
110
96
110
120
94
88
94
107
106
98
116
87
105
103
110
81
107
107
96
91
103
112
102
102
104
117
85
92
104
123
105
120
100
105
96
94
114
116
94
103
106
109
97
106
106
100
108
111
93
89
124
118
98
92
95
115
92
88
97
102
102
90
102
108
118
102
95
118
99
99
113
108
88
96
112
91
95
94
118
92
97
85
89
85
93
111
102
96
99
103
91
93
93
100
104
108
100
96
107
120
99
98
96
114
105
93
84
94
104
106
114
115
92
108
89
93
96
123
97
104
98
99
114
101
115
96
83
119
104
86
106
83
92
114
107
105
114
110
113
115
104
104
85
91
110
120
98
105
98
107
97
95
101
105
106
99
95
96
106
106
112
94
93
94
101
91
102
103
79
110
88
106
95
109
106
107
104
98
98
106
99
99
98
103
85
114
96
96
103
117
111
102
106
103
109
73
90
97
84
82
105
122
102
108
95
111
83
84
89
97
102
92
118
83
107
98
79
104
110
97
113
85
94
81
99
94
97
114
105
99
100
107
108
119
102
101
98
106
93
118
111
103
98
87
103
99
112
100
119
109
92
98
105
94
93
120
90
87
103
106
111
114
98
109
96
95
132
94
108
102
114
109
93
113
118
106
97
114
84
95
105
96
100
105
96
94
92
107
97
94
110
104
108
107
85
103
104
105
107
88
108
107
107
75
113
100
113
106
79
105
95
95
102
79
93
93
98
102
107
106
97
101
95
81
105
111
107
94
92
119
89
93
93
89
102
93
104
97
102
97
94
97
112
108
117
91
107
110
111
92
95
108
94
107
91
101
102
104
100
106
99
130
112
105
109
120
114
102
91
96
98
107
109
94
112
95
114
102
107
91
93
102
103
107
110
98
108
106
105
91
94
110
99
114
91
116
79
112
104
98
98
94
108
122
96
101
99
95
106
97
85
96
102
102
105
109
105
88
94
111
91
112
101
99
106
89
97
125
99
102
99
116
86
99
92
91
109
103
106
98
101
112
90
95
93
107
92
122
109
74
97
96
99
100
83
105
108
102
115
118
97
108
109
95
88
90
94
100
89
98
92
109
99
85
98
104
109
90
84
96
86
109
124
100
83
105
86
85
104
92
85
85
101
103
81
91
87
76
92
95
98
114
105
113
94
85
97
108
97
99
89
121
100
87
88
104
97
117
107
105
109
95
107
108
93
105
105
90
85
113
81
95
109
103
114
109
93
97
101
85
107
103
89
91
106
94
103
102
93
108
100
109
85
89
96
99
98
96
100
106
112
120
101
96
100
110
83
107
103
102
101
95
97
101
95
112
93
93
106
96
98
91
99
101
123
110
107
103
104
103
98
121
101
97
93
103
97
86
107
103
105
100
102
110
117
100
102
79
85
111
120
102
109
112
96
100
90
92
110
97
92
87
97
88
92
111
110
87
100
114
98
98
90
101
104
133
95
96
99
93
95
83
103
107
101
104
108
116
105
114
97
117
92
113
100
101
122
87
104
103
101
115
108
115
