Wed May 14 23:34:54 2008
                name	          chi2	      autocorr	   Set(s)	ROImin	ROImax	 ROIch	      Integral	     FWHM	      dev	       c0	      dev	       bg	      dev	     ity1	      dev	     ity2	      dev	     ity3	      dev	     tau1	      dev	     tau2	      dev	     tau3	      dev	
           CPI_A_001	 7.990298e+003	 2.816964e-001	    SET_0	    17	   689	   673	 9.563900e+005	      270	        0	      100	        0	   198.05	  4.85879	  1.98231	8.74847e+007	  26.6057	1.17475e+009	   71.412	1.26223e+009	      125	        0	  2222.46	  7.84006	   142000	   687502	
           CPI_A_002	 7.976455e+003	 2.871075e-001	    SET_1	    17	   689	   673	 9.576360e+005	      270	        0	      100	        0	   200.75	  7.78042	  1.82032	2.35192e+007	  26.7278	3.45472e+008	  71.4519	3.68991e+008	      125	        0	  2214.37	  7.74519	   142000	   727665	
           CPI_A_003	 7.902803e+003	 2.832978e-001	    SET_2	    17	   689	   673	 9.563970e+005	      270	        0	      100	        0	   197.65	  4.07147	  1.94336	1.78854e+008	  27.0038	2.48587e+009	  71.0528	2.66472e+009	      125	        0	   2251.9	  7.83525	   142000	   739878	
           CPI_A_004	 7.852029e+003	 2.769777e-001	    SET_3	    17	   689	   673	 9.558890e+005	      270	        0	      100	        0	  202.172	  7.77656	  2.02493	2.65078e+007	  27.1814	3.55978e+008	  70.7937	3.82485e+008	      125	        0	  2260.76	  7.94046	   142000	   687024	
           CPI_A_005	 7.772977e+003	 2.720958e-001	    SET_4	    17	   689	   673	 9.563160e+005	      270	        0	      100	        0	  206.354	  7.72339	  2.18317	9.04947e+007	  27.9141	1.15752e+009	  69.9028	1.24801e+009	      125	        0	  2383.96	  7.89615	   141997	   678366	
Wed May 14 23:41:18 2008
                name	          chi2	      autocorr	   Set(s)	ROImin	ROImax	 ROIch	      Integral	     FWHM	      dev	       c0	      dev	       bg	      dev	     ity1	      dev	     ity2	      dev	     ity3	      dev	     tau1	      dev	     tau2	      dev	     tau3	      dev	
           CPI_A_001	 9.240986e+003	 3.111014e-001	    SET_0	    17	   689	   673	 9.563900e+005	      270	        0	      100	        0	   198.05	 0.661469	  4.02169	     1251	  15.6612	  15486.7	  80.3171	  16737.7	       50	 0.795941	      500	  2.82837	  5165.17	  6.77966	
           CPI_A_002	 1.064317e+004	 2.931941e-001	    SET_1	    17	   689	   673	 9.576360e+005	      270	        0	      100	        0	   200.75	  8.14167	        0	   1496.1	  10.9606	3.97643e+008	  89.0394	3.97641e+008	       50	  1.54205	      500	  7.53382	   141959	   692837	
           CPI_A_003	 2.293126e+004	 2.597933e-001	    SET_2	    17	   689	   673	 9.563970e+005	      270	        0	      100	        0	   197.65	  7.87368	   50.358	   126983	  28.6224	  21142.3	  21.0196	   134643	      200	   306082	      500	9.21137e+008	  8678.63	7.79341e+009	
           CPI_A_004	 2.194666e+004	 2.853335e-001	    SET_3	    17	   689	   673	 9.558890e+005	      270	        0	      100	        0	  202.172	  3.97949	  2.90197	  42.6962	  74.8744	 0.161805	  22.2236	  42.5379	      200	   1256.8	      500	  11.3589	   141945	  1224.51	
           CPI_A_005	 8.929928e+003	 3.236060e-001	    SET_4	    17	   689	   673	 9.563160e+005	      270	        0	      100	        0	  206.354	 0.644535	  4.01952	  1122.52	  14.5043	  15612.5	  81.4762	    16735	       50	 0.816522	      500	   3.1583	  4949.87	  6.47915	
Wed May 14 23:42:16 2008
                name	          chi2	      autocorr	   Set(s)	ROImin	ROImax	 ROIch	      Integral	     FWHM	      dev	       c0	      dev	       bg	      dev	     ity1	      dev	     ity2	      dev	     ity3	      dev	     tau1	      dev	     tau2	      dev	     tau3	      dev	
           CPI_A_001	 1.016897e+000	 3.655582e-002	    SET_0	    17	   689	   673	 9.563900e+005	   309.31	  3.15332	  19.9331	0.0429342	  98.7735	 0.491745	  15.6814	  1.54899	  19.1686	   1.4051	    65.15	 0.301416	   160.81	  14.9966	  467.598	  27.2583	  2314.11	  8.13656	
           CPI_A_002	 9.939424e-001	 5.002940e-002	    SET_1	    17	   689	   673	 9.576360e+005	  315.557	  3.41894	   20.031	0.0505938	  99.2286	 0.483776	  15.0942	  1.25129	  20.2285	 0.865089	  64.6772	 0.623226	   139.26	  12.7442	  476.541	  21.4872	   2324.7	  8.10249	
           CPI_A_003	 9.535691e-001	 3.649938e-002	    SET_2	    17	   689	   673	 9.563970e+005	  312.289	   3.2121	  20.0018	0.0458547	  98.6954	 0.493053	  15.7295	  1.01258	   19.919	 0.886913	  64.3514	 0.289805	  145.268	  12.2323	   486.85	  22.6221	  2349.76	  8.32771	
           CPI_A_004	 1.063208e+000	 3.390336e-002	    SET_3	    17	   689	   673	 9.558890e+005	  315.156	   3.2223	  19.9886	0.0448379	  99.0997	 0.493139	  16.1244	  1.86229	  19.3158	  1.15578	  64.5598	 0.875916	  153.078	  13.0644	  485.517	  25.0895	  2349.56	  8.37148	
           CPI_A_005	 1.028714e+000	 3.846530e-002	    SET_4	    17	   689	   673	 9.563160e+005	  310.484	   3.1673	  19.9699	0.0440423	  100.111	 0.494375	  15.8864	   1.6665	  18.7041	  1.50661	  65.4095	 0.321449	  155.341	  14.1319	  465.556	  26.5017	  2344.17	  8.10212	
Wed May 14 23:42:37 2008
                name	          chi2	      autocorr	   Set(s)	ROImin	ROImax	 ROIch	      Integral	     FWHM	      dev	       c0	      dev	       bg	      dev	     ity1	      dev	     ity2	      dev	     ity3	      dev	     tau1	      dev	     tau2	      dev	     tau3	      dev	
           CPI_A_001	 1.016897e+000	 3.655582e-002	    SET_0	    17	   689	   673	 9.563900e+005	  266.646	  2.72679	  19.9331	 0.043051	  98.7735	 0.489586	  15.6814	  1.48402	  19.1686	  1.34585	    65.15	 0.283155	   138.63	  12.9704	  403.101	  23.5277	  1994.92	  7.01416	
           CPI_A_002	 9.939424e-001	 5.002940e-002	    SET_1	    17	   689	   673	 9.576360e+005	  272.032	  2.91606	   20.031	0.0504079	  99.2286	 0.492451	  15.0942	  1.00305	  20.2285	  0.88257	  64.6772	 0.292332	  120.051	  10.9968	  410.811	  18.5538	  2004.05	  6.98585	
           CPI_A_003	 9.535691e-001	 3.649938e-002	    SET_2	    17	   689	   673	 9.563970e+005	  269.215	  2.77064	  20.0018	0.0458591	  98.6954	 0.491199	  15.7295	 0.995656	   19.919	 0.868938	  64.3514	 0.284278	  125.231	  10.5444	  419.699	  19.5068	  2025.65	  7.18035	
           CPI_A_004	 1.063208e+000	 3.390334e-002	    SET_3	    17	   689	   673	 9.558890e+005	  271.686	  2.77722	  19.9886	0.0447757	  99.0997	 0.485448	  16.1244	  1.17594	  19.3158	  1.04415	  64.5598	 0.294614	  131.964	  11.2472	  418.549	  21.6206	  2025.48	  7.22114	
           CPI_A_005	 1.028714e+000	 3.846529e-002	    SET_4	    17	   689	   673	 9.563160e+005	  267.659	  2.73271	  19.9699	0.0440861	  100.111	 0.494768	  15.8863	  1.42577	  18.7042	  1.29107	  65.4095	 0.291708	  133.915	  12.1782	  401.341	  22.8653	  2020.84	  6.98249	
Sun May 25 19:06:35 2008
                name	          chi2	      autocorr	   Set(s)	ROImin	ROImax	 ROIch	      Integral	     FWHM	      dev	       c0	      dev	       bg	      dev	     ity1	      dev	     ity2	      dev	     ity3	      dev	     tau1	      dev	     tau2	      dev	     tau3	      dev	
           CPI_A_001	 1.016897e+000	 3.655582e-002	    SET_0	    17	   689	   673	 9.563900e+005	  266.646	  2.72798	  19.9331	0.0430247	  98.7735	 0.488363	  15.6814	   1.4734	  19.1686	  1.33653	    65.15	 0.286378	   138.63	  12.9236	  403.101	  23.5096	  1994.92	  7.01885	
           CPI_A_002	 9.939424e-001	 5.002940e-002	    SET_1	    17	   689	   673	 9.576360e+005	  272.032	   2.8994	   20.031	0.0498402	  99.2286	 0.492101	  15.0942	  1.00272	  20.2285	 0.882315	  64.6772	 0.292364	  120.051	  10.9326	  410.811	  18.5245	  2004.05	   6.9847	
           CPI_A_003	 9.535691e-001	 3.649936e-002	    SET_2	    17	   689	   673	 9.563970e+005	  269.215	  2.77112	  20.0018	 0.045884	  98.6954	 0.487872	  15.7295	  3.13666	   19.919	  2.75436	  64.3514	 0.506567	  125.231	  10.5444	  419.699	  19.5018	  2025.65	  7.18492	
           CPI_A_004	 1.063208e+000	 3.390334e-002	    SET_3	    17	   689	   673	 9.558890e+005	  271.686	  2.77725	  19.9886	0.0447801	  99.0997	 0.493342	  16.1244	   1.3257	  19.3158	  1.17962	  64.5598	  0.32661	  131.964	  11.2454	  418.549	  21.6045	  2025.48	  7.21665	
           CPI_A_005	 1.028714e+000	 3.846529e-002	    SET_4	    17	   689	   673	 9.563160e+005	  267.659	  2.73062	  19.9699	0.0439898	  100.111	  0.49581	  15.8863	  1.42146	  18.7042	  1.28751	  65.4095	 0.291207	  133.915	  12.1421	  401.341	  22.7957	  2020.84	   6.9799	
Mon May 26 16:56:50 2008
                name	          chi2	      autocorr	   Set(s)	ROImin	ROImax	 ROIch	      Integral	     FWHM	      dev	       c0	      dev	       bg	      dev	     ity1	      dev	     ity2	      dev	     ity3	      dev	     tau1	      dev	     tau2	      dev	     tau3	      dev	
           CPI_A_001	 1.016897e+000	 3.655582e-002	    SET_0	    17	   689	   673	 9.563900e+005	  266.646	  2.72798	  19.9331	0.0430247	  98.7735	 0.488363	  15.6814	   1.4734	  19.1686	  1.33653	    65.15	 0.286378	   138.63	  12.9236	  403.101	  23.5096	  1994.92	  7.01885	
           CPI_A_002	 9.939424e-001	 5.002940e-002	    SET_1	    17	   689	   673	 9.576360e+005	  272.032	  2.90888	   20.031	0.0498522	  99.2286	  0.48432	  15.0942	  1.37812	  20.2285	  1.02844	  64.6772	 0.477375	  120.052	  10.9345	  410.811	  18.5579	  2004.05	  6.98647	
           CPI_A_003	 9.535691e-001	 3.649938e-002	    SET_2	    17	   689	   673	 9.563970e+005	  269.215	  2.77094	  20.0018	0.0459321	  98.6954	 0.489417	  15.7295	  1.76087	   19.919	  1.24573	  64.3514	 0.695004	  125.231	  10.5593	  419.699	  19.5076	  2025.65	  7.17953	
           CPI_A_004	 1.063208e+000	 3.390334e-002	    SET_3	    17	   689	   673	 9.558890e+005	  271.686	  2.77973	  19.9886	0.0448081	  99.0997	 0.493243	  16.1244	  1.23093	  19.3158	  1.30634	  64.5598	 0.417317	  131.964	  11.2429	  418.549	  21.6084	  2025.48	  7.21642	
           CPI_A_005	 1.028714e+000	 3.846528e-002	    SET_4	    17	   689	   673	 9.563160e+005	  267.659	   2.7304	  19.9699	0.0439878	  100.111	 0.496092	  15.8863	  1.55209	  18.7042	  1.40721	  65.4095	 0.310924	  133.915	  12.1418	  401.341	  22.7961	  2020.84	  6.98012	
Mon May 26 16:57:56 2008
                name	          chi2	      autocorr	   Set(s)	ROImin	ROImax	 ROIch	      Integral	     FWHM	      dev	       c0	      dev	       bg	      dev	     ity1	      dev	     ity2	      dev	     ity3	      dev	     tau1	      dev	     tau2	      dev	     tau3	      dev	
           CPI_A_001	 1.016897e+000	 3.655582e-002	    SET_0	    17	   689	   673	 9.563900e+005	  266.646	  2.71708	  19.9331	0.0429162	  98.7735	 0.491472	  15.6814	  1.54864	  19.1686	  1.40471	    65.15	 0.301418	   138.63	  12.9229	  403.101	  23.4909	  1994.92	  7.01396	
           CPI_A_002	 9.939424e-001	 5.002940e-002	    SET_1	    17	   689	   673	 9.576360e+005	  272.032	  2.90888	   20.031	0.0498522	  99.2286	  0.48432	  15.0942	  1.37812	  20.2285	  1.02844	  64.6772	 0.477375	  120.052	  10.9345	  410.811	  18.5579	  2004.05	  6.98647	
           CPI_A_003	 9.535691e-001	 3.649936e-002	    SET_2	    17	   689	   673	 9.563970e+005	  269.215	  2.77112	  20.0018	 0.045884	  98.6954	 0.487872	  15.7295	  3.13666	   19.919	  2.75436	  64.3514	 0.506567	  125.231	  10.5444	  419.699	  19.5018	  2025.65	  7.18492	
           CPI_A_004	 1.063208e+000	 3.390334e-002	    SET_3	    17	   689	   673	 9.558890e+005	  271.686	  2.77973	  19.9886	0.0448081	  99.0997	 0.493243	  16.1244	  1.23093	  19.3158	  1.30634	  64.5598	 0.417317	  131.964	  11.2429	  418.549	  21.6084	  2025.48	  7.21642	
           CPI_A_005	 1.028714e+000	 3.846528e-002	    SET_4	    17	   689	   673	 9.563160e+005	  267.659	   2.7304	  19.9699	0.0439878	  100.111	 0.496092	  15.8863	  1.55209	  18.7042	  1.40721	  65.4095	 0.310924	  133.915	  12.1418	  401.341	  22.7961	  2020.84	  6.98012	
Mon May 26 17:05:45 2008
                name	          chi2	      autocorr	   Set(s)	ROImin	ROImax	 ROIch	      Integral	     FWHM	      dev	       c0	      dev	       bg	      dev	     ity1	      dev	     ity2	      dev	     ity3	      dev	     tau1	      dev	     tau2	      dev	     tau3	      dev	
           CPI_A_001	 1.016897e+000	 3.655582e-002	    SET_0	    17	   689	   673	 9.563900e+005	  266.646	  2.71708	  19.9331	0.0429162	  98.7735	 0.491472	  15.6814	  1.54864	  19.1686	  1.40471	    65.15	 0.301418	   138.63	  12.9229	  403.101	  23.4909	  1994.92	  7.01396	
           CPI_A_002	 9.939424e-001	 5.002940e-002	    SET_1	    17	   689	   673	 9.576360e+005	  272.032	   2.8994	   20.031	0.0498402	  99.2286	 0.492101	  15.0942	  1.00272	  20.2285	 0.882315	  64.6772	 0.292364	  120.051	  10.9326	  410.811	  18.5245	  2004.05	   6.9847	
           CPI_A_003	 9.535691e-001	 3.649936e-002	    SET_2	    17	   689	   673	 9.563970e+005	  269.215	  2.77112	  20.0018	 0.045884	  98.6954	 0.487872	  15.7295	  3.13666	   19.919	  2.75436	  64.3514	 0.506567	  125.231	  10.5444	  419.699	  19.5018	  2025.65	  7.18492	
           CPI_A_004	 1.063208e+000	 3.390334e-002	    SET_3	    17	   689	   673	 9.558890e+005	  271.686	  2.77973	  19.9886	0.0448081	  99.0997	 0.493243	  16.1244	  1.23093	  19.3158	  1.30634	  64.5598	 0.417317	  131.964	  11.2429	  418.549	  21.6084	  2025.48	  7.21642	
           CPI_A_005	 1.028714e+000	 3.846529e-002	    SET_4	    17	   689	   673	 9.563160e+005	  267.659	  2.73062	  19.9699	0.0439898	  100.111	  0.49581	  15.8863	  1.42146	  18.7042	  1.28751	  65.4095	 0.291207	  133.915	  12.1421	  401.341	  22.7957	  2020.84	   6.9799	
